10 100
333333333333333333333333333333333333333333333333333333333333333333333333333333333333333333333333333                                
300000000110000000000000000000000001100000000000000000000000000000000000000000001000000000000000003
300000000110000000000000000000000000100000000000000000000000000000000000000000001000000000000000003
300000000000000000000000000000000000000000000000000000000000000000000000000000001000000000000000013		
300000000000000000000000000000000000000000000000000000000000000000000000000000000000000000000000103	
300000000000000000000000000000000000000000000000000000000000000000000000000000000000000000000000103  
300000000000000000000000000011111111110000000000000000000110000000000000000000000000000000000000103 
300000001100000000000000110000001000000000000000000111111100000000000000000000000000000000000000103
300000001100000000001110000000000000000000000011110000000000000000000000000000000000000000000000003 
333333333333333333333333333333333333333333333333333333333333333333333333333333333333333333333333333